-4.070075538992200e+06 3.868803417028939e+06 -3.959827605752876e+06 0.000000000000000e+00 0.000000000000000e+00 0.000000000000000e+00 1.249097239067302e+05
-4.096982459296381e+06 3.890280998864658e+06 -3.910733680281795e+06 0.000000000000000e+00 0.000000000000000e+00 0.000000000000000e+00 1.249097239067302e+05
-4.123577378524172e+06 3.911462320740475e+06 -3.861341937299938e+06 0.000000000000000e+00 0.000000000000000e+00 0.000000000000000e+00 1.249097239067302e+05
-4.149858271369513e+06 3.932345769616729e+06 -3.811656138179763e+06 0.000000000000000e+00 0.000000000000000e+00 0.000000000000000e+00 1.249097239067302e+05
-4.175823136440656e+06 3.952929755137929e+06 -3.761680066687237e+06 0.000000000000000e+00 0.000000000000000e+00 0.000000000000000e+00 1.249097239067302e+05
-4.201469996412606e+06 3.973212709753886e+06 -3.711417528693699e+06 0.000000000000000e+00 0.000000000000000e+00 0.000000000000000e+00 1.249097239067302e+05
-4.226796898177674e+06 3.993193088839076e+06 -3.660872351886012e+06 0.000000000000000e+00 0.000000000000000e+00 0.000000000000000e+00 1.249097239067302e+05
-4.251801912994237e+06 4.012869370810278e+06 -3.610048385475086e+06 0.000000000000000e+00 0.000000000000000e+00 0.000000000000000e+00 1.249097239067302e+05
-4.276483136633605e+06 4.032240057242434e+06 -3.558949499902735e+06 0.000000000000000e+00 0.000000000000000e+00 0.000000000000000e+00 1.249097239067302e+05
-4.300838689525040e+06 4.051303672982780e+06 -3.507579586546934e+06 0.000000000000000e+00 0.000000000000000e+00 0.000000000000000e+00 1.249097239067302e+05
-4.324866716898896e+06 4.070058766263169e+06 -3.455942557425469e+06 0.000000000000000e+00 0.000000000000000e+00 0.000000000000000e+00 1.249097239067302e+05
-4.348565388927855e+06 4.088503908810634e+06 -3.404042344898032e+06 0.000000000000000e+00 0.000000000000000e+00 0.000000000000000e+00 1.249097239067302e+05
-4.371932900866293e+06 4.106637695956156e+06 -3.351882901366746e+06 0.000000000000000e+00 0.000000000000000e+00 0.000000000000000e+00 1.249097239067302e+05
-4.394967473187704e+06 4.124458746741636e+06 -3.299468198975177e+06 0.000000000000000e+00 0.000000000000000e+00 0.000000000000000e+00 1.249097239067302e+05
-4.417667351720222e+06 4.141965704025063e+06 -3.246802229305846e+06 0.000000000000000e+00 0.000000000000000e+00 0.000000000000000e+00 1.249097239067302e+05
-4.440030807780214e+06 4.159157234583853e+06 -3.193889003076247e+06 0.000000000000000e+00 0.000000000000000e+00 0.000000000000000e+00 1.249097239067302e+05
-4.462056138303914e+06 4.176032029216399e+06 -3.140732549833421e+06 0.000000000000000e+00 0.000000000000000e+00 0.000000000000000e+00 1.249097239067302e+05
-3.994594323253220e+06 3.740376804876874e+06 -4.155260159144338e+06 0.000000000000000e+00 0.000000000000000e+00 0.000000000000000e+00 1.249097239067302e+05
-4.022889388020737e+06 3.762842062237158e+06 -4.107404293030935e+06 0.000000000000000e+00 0.000000000000000e+00 0.000000000000000e+00 1.249097239067302e+05
-4.050878094186107e+06 3.785020764605965e+06 -4.059235632178157e+06 0.000000000000000e+00 0.000000000000000e+00 0.000000000000000e+00 1.249097239067302e+05
-4.078558310300995e+06 3.806911222989246e+06 -4.010757844816018e+06 0.000000000000000e+00 0.000000000000000e+00 0.000000000000000e+00 1.249097239067302e+05
-4.105927928409771e+06 3.828511770343839e+06 -3.961974622715715e+06 0.000000000000000e+00 0.000000000000000e+00 0.000000000000000e+00 1.249097239067302e+05
-4.132984864210053e+06 3.849820761704435e+06 -3.912889680908486e+06 0.000000000000000e+00 0.000000000000000e+00 0.000000000000000e+00 1.249097239067302e+05
-4.159727057211421e+06 3.870836574308837e+06 -3.863506757402685e+06 0.000000000000000e+00 0.000000000000000e+00 0.000000000000000e+00 1.249097239067302e+05
-4.186152470892348e+06 3.891557607721556e+06 -3.813829612899136e+06 0.000000000000000e+00 0.000000000000000e+00 0.000000000000000e+00 1.249097239067302e+05
-4.212259092855267e+06 3.911982283955669e+06 -3.763862030504721e+06 0.000000000000000e+00 0.000000000000000e+00 0.000000000000000e+00 1.249097239067302e+05
-4.238044934979841e+06 3.932109047593001e+06 -3.713607815444298e+06 0.000000000000000e+00 0.000000000000000e+00 0.000000000000000e+00 1.249097239067302e+05
-4.263508033574359e+06 3.951936365902580e+06 -3.663070794770914e+06 0.000000000000000e+00 0.000000000000000e+00 0.000000000000000e+00 1.249097239067302e+05
-4.288646449525275e+06 3.971462728957354e+06 -3.612254817074351e+06 0.000000000000000e+00 0.000000000000000e+00 0.000000000000000e+00 1.249097239067302e+05
-4.313458268444892e+06 3.990686649749173e+06 -3.561163752188056e+06 0.000000000000000e+00 0.000000000000000e+00 0.000000000000000e+00 1.249097239067302e+05
-4.337941600817135e+06 4.009606664302043e+06 -3.509801490894425e+06 0.000000000000000e+00 0.000000000000000e+00 0.000000000000000e+00 1.249097239067302e+05
-4.362094582141450e+06 4.028221331783603e+06 -3.458171944628513e+06 0.000000000000000e+00 0.000000000000000e+00 0.000000000000000e+00 1.249097239067302e+05
-4.385915373074799e+06 4.046529234614854e+06 -3.406279045180161e+06 0.000000000000000e+00 0.000000000000000e+00 0.000000000000000e+00 1.249097239067302e+05
-4.409402159571727e+06 4.064528978578115e+06 -3.354126744394573e+06 0.000000000000000e+00 0.000000000000000e+00 0.000000000000000e+00 1.249097239067302e+05
-4.432553153022511e+06 4.082219192923192e+06 -3.301719013871370e+06 0.000000000000000e+00 0.000000000000000e+00 0.000000000000000e+00 1.249097239067302e+05
-4.455366590389363e+06 4.099598530471775e+06 -3.249059844662135e+06 0.000000000000000e+00 0.000000000000000e+00 0.000000000000000e+00 1.249097239067302e+05
-4.477840734340703e+06 4.116665667720021e+06 -3.196153246966482e+06 0.000000000000000e+00 0.000000000000000e+00 0.000000000000000e+00 1.249097239067302e+05
-4.499973873383460e+06 4.133419304939351e+06 -3.143003249826664e+06 0.000000000000000e+00 0.000000000000000e+00 0.000000000000000e+00 1.249097239067302e+05
-4.521764321993399e+06 4.149858166275425e+06 -3.089613900820738e+06 0.000000000000000e+00 0.000000000000000e+00 0.000000000000000e+00 1.249097239067302e+05
-4.543210420743496e+06 4.165980999845309e+06 -3.035989265754338e+06 0.000000000000000e+00 0.000000000000000e+00 0.000000000000000e+00 1.249097239067302e+05
-4.564310536430301e+06 4.181786577832805e+06 -2.982133428351041e+06 0.000000000000000e+00 0.000000000000000e+00 0.000000000000000e+00 1.249097239067302e+05
-4.585063062198309e+06 4.197273696581952e+06 -2.928050489941376e+06 0.000000000000000e+00 0.000000000000000e+00 0.000000000000000e+00 1.249097239067302e+05
-3.942283545123052e+06 3.631952642430882e+06 -4.298919619275448e+06 0.000000000000000e+00 0.000000000000000e+00 0.000000000000000e+00 1.249097239067302e+05
-3.971651908613893e+06 3.655075968265342e+06 -4.252033657323612e+06 0.000000000000000e+00 0.000000000000000e+00 0.000000000000000e+00 1.249097239067302e+05
-4.000717815435017e+06 3.677920945913612e+06 -4.204823886546353e+06 0.000000000000000e+00 0.000000000000000e+00 0.000000000000000e+00 1.249097239067302e+05
-4.029479052105088e+06 3.700485835642205e+06 -4.157293902150496e+06 0.000000000000000e+00 0.000000000000000e+00 0.000000000000000e+00 1.249097239067302e+05
-4.057933428344576e+06 3.722768919047399e+06 -4.109447323728373e+06 0.000000000000000e+00 0.000000000000000e+00 0.000000000000000e+00 1.249097239067302e+05
-4.086078777242571e+06 3.744768499186121e+06 -4.061287794982176e+06 0.000000000000000e+00 0.000000000000000e+00 0.000000000000000e+00 1.249097239067302e+05
-4.113912955421780e+06 3.766482900705171e+06 -4.012818983446476e+06 0.000000000000000e+00 0.000000000000000e+00 0.000000000000000e+00 1.249097239067302e+05
-4.141433843201771e+06 3.787910469968800e+06 -3.964044580208925e+06 0.000000000000000e+00 0.000000000000000e+00 0.000000000000000e+00 1.249097239067302e+05
-4.168639344760391e+06 3.809049575184648e+06 -3.914968299629170e+06 0.000000000000000e+00 0.000000000000000e+00 0.000000000000000e+00 1.249097239067302e+05
-4.195527388293363e+06 3.829898606528012e+06 -3.865593879055981e+06 0.000000000000000e+00 0.000000000000000e+00 0.000000000000000e+00 1.249097239067302e+05
-4.222095926172073e+06 3.850455976264433e+06 -3.815925078542648e+06 0.000000000000000e+00 0.000000000000000e+00 0.000000000000000e+00 1.249097239067302e+05
-4.248342935099495e+06 3.870720118870615e+06 -3.765965680560628e+06 0.000000000000000e+00 0.000000000000000e+00 0.000000000000000e+00 1.249097239067302e+05
-4.274266416264280e+06 3.890689491153643e+06 -3.715719489711504e+06 0.000000000000000e+00 0.000000000000000e+00 0.000000000000000e+00 1.249097239067302e+05
-4.299864395492970e+06 3.910362572368502e+06 -3.665190332437247e+06 0.000000000000000e+00 0.000000000000000e+00 0.000000000000000e+00 1.249097239067302e+05
-4.325134923400344e+06 3.929737864333892e+06 -3.614382056728813e+06 0.000000000000000e+00 0.000000000000000e+00 0.000000000000000e+00 1.249097239067302e+05
-4.350076075537859e+06 3.948813891546314e+06 -3.563298531833109e+06 0.000000000000000e+00 0.000000000000000e+00 0.000000000000000e+00 1.249097239067302e+05
-4.374685952540219e+06 3.967589201292440e+06 -3.511943647958336e+06 0.000000000000000e+00 0.000000000000000e+00 0.000000000000000e+00 1.249097239067302e+05
-4.398962680270006e+06 3.986062363759741e+06 -3.460321315977727e+06 0.000000000000000e+00 0.000000000000000e+00 0.000000000000000e+00 1.249097239067302e+05
-4.422904409960415e+06 4.004231972145374e+06 -3.408435467131730e+06 0.000000000000000e+00 0.000000000000000e+00 0.000000000000000e+00 1.249097239067302e+05
-4.446509318356034e+06 4.022096642763313e+06 -3.356290052728614e+06 0.000000000000000e+00 0.000000000000000e+00 0.000000000000000e+00 1.249097239067302e+05
-4.469775607851701e+06 4.039655015149726e+06 -3.303889043843579e+06 0.000000000000000e+00 0.000000000000000e+00 0.000000000000000e+00 1.249097239067302e+05
-4.492701506629388e+06 4.056905752166574e+06 -3.251236431016327e+06 0.000000000000000e+00 0.000000000000000e+00 0.000000000000000e+00 1.249097239067302e+05
-4.515285268793144e+06 4.073847540103448e+06 -3.198336223947180e+06 0.000000000000000e+00 0.000000000000000e+00 0.000000000000000e+00 1.249097239067302e+05
-4.537525174502046e+06 4.090479088777598e+06 -3.145192451191719e+06 0.000000000000000e+00 0.000000000000000e+00 0.000000000000000e+00 1.249097239067302e+05
-4.559419530101165e+06 4.106799131632206e+06 -3.091809159853990e+06 0.000000000000000e+00 0.000000000000000e+00 0.000000000000000e+00 1.249097239067302e+05
-4.580966668250557e+06 4.122806425832820e+06 -3.038190415278314e+06 0.000000000000000e+00 0.000000000000000e+00 0.000000000000000e+00 1.249097239067302e+05
-4.602164948052227e+06 4.138499752362012e+06 -2.984340300739680e+06 0.000000000000000e+00 0.000000000000000e+00 0.000000000000000e+00 1.249097239067302e+05
-4.623012755175098e+06 4.153877916112210e+06 -2.930262917132803e+06 0.000000000000000e+00 0.000000000000000e+00 0.000000000000000e+00 1.249097239067302e+05
-4.643508501977940e+06 4.168939745976702e+06 -2.875962382659811e+06 0.000000000000000e+00 0.000000000000000e+00 0.000000000000000e+00 1.249097239067302e+05
-4.663650627630283e+06 4.183684094938832e+06 -2.821442832516639e+06 0.000000000000000e+00 0.000000000000000e+00 0.000000000000000e+00 1.249097239067302e+05
-4.683437598231274e+06 4.198109840159342e+06 -2.766708418578111e+06 0.000000000000000e+00 0.000000000000000e+00 0.000000000000000e+00 1.249097239067302e+05
-3.916362142661355e+06 3.545649214871421e+06 -4.393616807666620e+06 0.000000000000000e+00 0.000000000000000e+00 0.000000000000000e+00 1.249097239067302e+05
-3.946499460112235e+06 3.569125224235509e+06 -4.347398829767021e+06 0.000000000000000e+00 0.000000000000000e+00 0.000000000000000e+00 1.249097239067302e+05
-3.976336236349733e+06 3.592329430895341e+06 -4.300849780614897e+06 0.000000000000000e+00 0.000000000000000e+00 0.000000000000000e+00 1.249097239067302e+05
-4.005870199187819e+06 3.615260067760742e+06 -4.253973205100560e+06 0.000000000000000e+00 0.000000000000000e+00 0.000000000000000e+00 1.249097239067302e+05
-4.035099099500883e+06 3.637915388574935e+06 -4.206772673056728e+06 0.000000000000000e+00 0.000000000000000e+00 0.000000000000000e+00 1.249097239067302e+05
-4.064020711394997e+06 3.660293668047523e+06 -4.159251778986661e+06 0.000000000000000e+00 0.000000000000000e+00 0.000000000000000e+00 1.249097239067302e+05
-4.092632832377443e+06 3.682393201985889e+06 -4.111414141790426e+06 0.000000000000000e+00 0.000000000000000e+00 0.000000000000000e+00 1.249097239067302e+05
-4.120933283524430e+06 3.704212307424958e+06 -4.063263404489307e+06 0.000000000000000e+00 0.000000000000000e+00 0.000000000000000e+00 1.249097239067302e+05
-4.148919909647035e+06 3.725749322755374e+06 -4.014803233948371e+06 0.000000000000000e+00 0.000000000000000e+00 0.000000000000000e+00 1.249097239067302e+05
-4.176590579455326e+06 3.747002607850040e+06 -3.966037320597228e+06 0.000000000000000e+00 0.000000000000000e+00 0.000000000000000e+00 1.249097239067302e+05
-4.203943185720663e+06 3.767970544189005e+06 -3.916969378148983e+06 0.000000000000000e+00 0.000000000000000e+00 0.000000000000000e+00 1.249097239067302e+05
-4.230975645436176e+06 3.788651534982739e+06 -3.867603143317429e+06 0.000000000000000e+00 0.000000000000000e+00 0.000000000000000e+00 1.249097239067302e+05
-4.257685899975404e+06 3.809044005293725e+06 -3.817942375532477e+06 0.000000000000000e+00 0.000000000000000e+00 0.000000000000000e+00 1.249097239067302e+05
-4.284071915249046e+06 3.829146402156393e+06 -3.767990856653863e+06 0.000000000000000e+00 0.000000000000000e+00 0.000000000000000e+00 1.249097239067302e+05
-4.310131681859885e+06 3.848957194695394e+06 -3.717752390683144e+06 0.000000000000000e+00 0.000000000000000e+00 0.000000000000000e+00 1.249097239067302e+05
-4.335863215255795e+06 3.868474874242175e+06 -3.667230803474013e+06 0.000000000000000e+00 0.000000000000000e+00 0.000000000000000e+00 1.249097239067302e+05
-4.361264555880888e+06 3.887697954449874e+06 -3.616429942440934e+06 0.000000000000000e+00 0.000000000000000e+00 0.000000000000000e+00 1.249097239067302e+05
-4.386333769324726e+06 3.906624971406507e+06 -3.565353676266162e+06 0.000000000000000e+00 0.000000000000000e+00 0.000000000000000e+00 1.249097239067302e+05
-4.411068946469651e+06 3.925254483746453e+06 -3.514005894605114e+06 0.000000000000000e+00 0.000000000000000e+00 0.000000000000000e+00 1.249097239067302e+05
-4.435468203636154e+06 3.943585072760222e+06 -3.462390507790164e+06 0.000000000000000e+00 0.000000000000000e+00 0.000000000000000e+00 1.249097239067302e+05
-4.459529682726335e+06 3.961615342502489e+06 -3.410511446532857e+06 0.000000000000000e+00 0.000000000000000e+00 0.000000000000000e+00 1.249097239067302e+05
-4.483251551365406e+06 3.979343919898408e+06 -3.358372661624563e+06 0.000000000000000e+00 0.000000000000000e+00 0.000000000000000e+00 1.249097239067302e+05
-4.506632003041227e+06 3.996769454848170e+06 -3.305978123635619e+06 0.000000000000000e+00 0.000000000000000e+00 0.000000000000000e+00 1.249097239067302e+05
-4.529669257241881e+06 4.013890620329822e+06 -3.253331822612945e+06 0.000000000000000e+00 0.000000000000000e+00 0.000000000000000e+00 1.249097239067302e+05
-4.552361559591268e+06 4.030706112500328e+06 -3.200437767776193e+06 0.000000000000000e+00 0.000000000000000e+00 0.000000000000000e+00 1.249097239067302e+05
-4.574707181982707e+06 4.047214650794853e+06 -3.147299987212426e+06 0.000000000000000e+00 0.000000000000000e+00 0.000000000000000e+00 1.249097239067302e+05
-4.596704422710540e+06 4.063414978024290e+06 -3.093922527569366e+06 0.000000000000000e+00 0.000000000000000e+00 0.000000000000000e+00 1.249097239067302e+05
